 2388
 2758
 2203
 3445
 4264
 3239
 7111
 3942
 2750
 9143
 3260
 9294
 7825
 9548
 6018
 2634
 5633
 1067
 5210
 7115
 1784
 2264
 8461
 6019
 3687
 3873
 1282
 1554
 7102
 3035
 9131
 3501
 5630
 2939
 5851
 9239
 6978
 9020
 6706
 2035
 4180
 1405
 1239
 5876
 2487
 7529
 8913
 2898
 1610
 5470
 4321
 7918
 2039
 3586
 1866
 1456
 1753
 5525
 1782
 1785
 1200
 1249
 7939
 3776
 1442
 5328
 5187
 3929
 9471
 3506
 2948
 4716
 4251
 4994
 1281
 6911
 3736
 6818
 2694
 5344
 2135
 3146
 4727
 4197
 9502
 9940
 1345
 6664
 9613
 6322
 2136
 3660
 1701
 6047
 2494
 4405
 9592
 4883
 3412
 7441
 1904
 7188
 9169
 2186
 5980
 6453
 7738
 6663
 1960
 7757
 8077
 5864
 6928
 5286
 4257
 9716
 6848
 2047
 3074
 4349
 7451
 6353
 3395
 3498
 6605
 1474
 8328
 5419
 1354
 4894
 6321
 4968
 3892
 4764
 5602
 2125
 5530
 3109
 3799
 4467
 9171
 4703
 3467
 5460
 8368
 8978
 5975
 9690
 6823
 2650
 7325
 6185
 4706
 2319
 9085
 3878
 1576
 6981
 6980
 4551
 3851
 5070
 7333
 9665
 7933
 2940
 4762
 2960
 1803
 2116
 3101
 6567
 7835
 3369
 5222
 3415
 2826
 5463
 7264
 2575
 9189
 2896
 1524
 4486
 8097
 8911
 4561
 7691
 8336
 7626
 6097
 5339
 4595
 8557
 7290
 7769
 6275
 5553
 5934
 5300
 1004
 1587
 6030
 2403
 5986
 2164
 3691
 1412
 2944
 1574
 2130
 2570
 6823
 6939
 5221
 7563
 8181
 8338
 1116
 8278
 8823
 9173
 4346
 9470
 7772
 7666
 8806
 8033
 3163
 7129
 5455
 1931
 8373
 7842
 8411
 7920
 6243
 1541
 2984
 5695
 5186
 1989
 3416
 8920
 6963
 7408
 6423
 8904
 3487
 9216
 3981
 3671
 6624
 3169
 4725
 5422
 2817
 5351
 6362
 6990
 5745
 6343
 9266
 9338
 1298
 5961
 4321
 2795
 5242
 4152
 3415
 2023
 8929
 7454
 5837
 6664
 3633
 1189
 1499
 4278
 9899
 9707
 9752
 6462
 4997
 7380
 9263
 8620
 1344
 8846
 4437
 8810
 3374
 2708
 8269
 1263
 7981
 2898
 7689
 6680
 6620
 5851
 3163
 3266
 8845
 9508
 1556
 4216
 1458
 8786
 4738
 7860
 9572
 3655
 1956
 9083
 9977
 4228
 1968
 1215
 8997
 7928
 1544
 1464
 6635
 8860
 9073
 2861
 6089
 9498
 7254
 3438
 9608
 1393
 3616
 3452
 9248
 4440
 6523
 2289
 2245
 9955
 1561
 5858
 7125
 8158
 1133
 9684
 5145
 7649
 1262
 7890
 6970
 8426
 5276
 5104
 3962
 9487
 7609
 4894
 1545
 5323
 2129
 1859
 6018
 8706
 7313
 6262
 1201
 5102
 4864
 8405
 3360
 4080
 9170
 5929
 6820
 5403
 6100
 5783
 9188
 9051
 9125
 5442
 3978
 6682
 5117
 4692
 4914
 8531
 3172
 8274
 4221
 2707
 9057
 3867
 4142
 2534
 3891
 4654
 5369
 2527
 3562
 1011
 3969
 5060
 8678
 3078
 8041
 4113
 7553
 4769
 4929
 8311
 8944
 7413
 7746
 7083
 5081
 4449
 7601
 4242
 5465
 9383
 8712
 7716
 2488
 6148
 2499
 5908
 8069
 7362
 2255
 9961
 4468
 6906
 6137
 3615
 5579
 1046
 9233
 4505
 1726
 7767
 7739
 9187
 8889
 5582
 9925
 2892
 2909
 8758
 4558
 8665
 9371
 9261
 9462
 6806
 7468
 1337
 4403
 9155
 3903
 8428
 7726
 3909
 4757
 6198
 6108
 6733
 1864
 2269
 2631
 1341
 2905
 5992
 1740
 2918
 5655
 7803
 5732
 7555
 7572
 7420
 7269
 7416
 2750
 5763
 7028
 5790
 6237
 4195
 9622
 7465
 7497
 9585
 6250
 4310
 7619
 9530
 7924
 2361
 8627
 7618
 1702
 8386
 2845
 2940
 1806
 8251
 6559
 5155
 7550
 3767
 2113
 8122
 6725
 4128
 9728
 7352
 8116
 1852
 6745
 2303
 8213
 4273
 2001
 9851
 4618
 8838
 9939
 8705
 5219
 2314
 3169
 7281
 1692
 7607
 2395
 4664
 5459
 3296
 7304
 1123
 2144
 9798
 8347
 9774
 6778
 4042
 4947
 8872
 6390
 5894
 3679
 2229
 5236
 2581
 9926
 4840
 3280
 6143
 2905
 9099
 5885
 4487
 9002
 5431
 9451
 2347
 5344
 3268
 4013
 9532
 6378
 7789
 5656
 8304
 8548
 6434
 6712
 3623
 7196
 5882
 9691
 7269
 9186
 6193
 7407
 1469
 3430
 7582
 7419
 8428
 1156
 5220
 1462
 1645
 2343
 4487
 2200
 3768
 9764
 4649
 8070
 4502
 3292
 5431
 5440
 1158
 4645
 1115
 2098
 2550
 7527
 9376
 3127
 1328
 6520
 3991
 7517
 2023
 2894
 7650
 4416
 9417
 6606
 3655
 9878
 6484
 5073
 6526
 9655
 6497
 1116
 5410
 2442
 2199
 4128
 6991
 8952
 4859
 5005
 5009
 7144
 8688
 8354
 9815
 4386
 1540
 5833
 8869
 4172
 7131
 2436
 7187
 4898
 2121
 8389
 7786
 4995
 6839
 1160
 3948
 9054
 9728
 6604
 5218
 7257
 9666
 4512
 2634
 1909
 5057
 6491
 9576
 1648
 7719
 4216
 1068
 5039
 9092
 6129
 5679
 9514
 4427
 7453
 9200
 4190
 8633
 6997
 4438
 3395
 5230
 3041
 2143
 6708
 2672
 1975
 7963
 7293
 4849
 9772
 6829
 9303
 1309
 4690
 6960
 8101
 2616
 8793
 8599
 8692
 4967
 2390
 2944
 8508
 6411
 4445
 9377
 6901
 3235
 8268
 7392
 6272
 1490
 5457
 7159
 7722
 2200
 3068
 9897
 3453
 4371
 8567
 8225
 6832
 3695
 4467
 6788
 1385
 7293
 1475
 5103
 2098
 5162
 4634
 6489
 1464
 3468
 1178
 7201
 2029
 5323
 6055
 1553
 6083
 6963
 2447
 5546
 4410
 2370
 1247
 4826
 9151
 4571
 6244
 6638
 5534
 8559
 2044
 8939
 2844
 2222
 7455
 7080
 8783
 1073
 1351
 3089
 9559
 6082
 6186
 4387
 5754
 7925
 6493
 9287
 6486
 1326
 7461
 7090
 5319
 3433
 3618
 1856
 1845
 2559
 6721
 6418
