 598
 537
 456
 116
 143
 164
 573
 839
 237
 772
 550
 806
 330
 769
 588
 767
 593
 911
 303
 263
 180
 179
 506
 506
 796
 906
 713
 579
 875
 940
 508
 347
 612
 881
 104
 119
 887
 731
 620
 870
 950
 822
 902
 568
 713
 989
 901
 119
 274
 576
 822
 957
 121
 395
 928
 304
 702
 194
 767
 275
 969
 969
 459
 134
 383
 122
 541
 815
 366
 721
 587
 258
 363
 358
 312
 815
 729
 189
 412
 997
 512
 851
 642
 907
 199
 465
 461
 873
 335
 794
 638
 811
 919
 322
 262
 990
 987
 723
 718
 708
 602
 783
 947
 131
 703
 701
 644
 677
 464
 516
 584
 977
 970
 945
 149
 335
 921
 108
 862
 897
 957
 874
 102
 992
 926
 696
 841
 712
 596
 796
 763
 758
 942
 772
 325
 484
 983
 310
 602
 136
 538
 702
 640
 190
 642
 366
 646
 135
 972
 987
 657
 586
 408
 332
 267
 951
 889
 999
 819
 458
 244
 270
 766
 487
 764
 411
 193
 271
 238
 364
 117
 651
 534
 646
 647
 492
 719
 273
 185
 891
 925
 360
 118
 836
 595
 894
 383
 289
 501
 901
 596
 570
 962
 139
 156
 608
 212
 796
 484
 472
 215
 238
 314
 153
 465
 615
 310
 593
 457
 876
 778
 660
 722
 446
 468
 182
 380
 662
 932
 683
 700
 561
 552
 648
 397
 369
 438
 300
 233
 953
 844
 723
 605
 516
 741
 248
 706
 276
 177
 226
 688
 494
 817
 684
 981
 987
 981
 116
 684
 772
 416
 608
 662
 443
 886
 500
 559
 611
 880
 937
 302
 533
 216
 127
 177
 246
 678
 156
 936
 300
 369
 444
 184
 987
 694
 349
 334
 698
 384
 185
 888
 121
 149
 492
 360
 565
 915
 192
 594
 405
 369
 547
 870
 331
 360
 966
 785
 750
 652
 132
 683
 315
 868
 473
 248
 112
 374
 574
 168
 676
 532
 636
 176
 604
 632
 731
 234
 152
 168
 677
 710
 870
 461
 879
 123
 614
 456
 602
 414
 104
 377
 175
 215
 922
 601
 150
 289
 677
 132
 325
 601
 851
 110
 414
 724
 592
 655
 182
 458
 483
 886
 858
 744
 589
 661
 361
 702
 540
 517
 101
 720
 881
 269
 450
 408
 954
 717
 653
 220
 944
 595
 688
 955
 579
 228
 691
 422
 587
 324
 994
 123
 122
 654
 858
 676
 784
 644
 473
 422
 653
 978
 658
 247
 713
 880
 511
 232
 514
 274
 965
 566
 993
 679
 130
 344
 237
 694
 521
 688
 563
 567
 306
 178
 755
 210
 750
 702
 672
 584
 208
 484
 681
 772
 595
 314
 553
 459
 763
 436
 156
 699
 803
 227
 805
 976
 643
 181
 890
 727
 801
 856
 934
 341
 731
 777
 107
 532
 233
 975
 611
 885
 876
 591
 901
 502
 147
 837
 172
 287
 574
 594
 636
 950
 321
 234
 901
 836
 699
 821
 471
 738
 874
 332
 968
 220
 595
 855
 440
 999
 242
 319
 803
 431
 430
 265
 677
 703
 278
 838
 912
 721
 111
 112
 944
 565
 302
 918
 403
 444
 208
 355
 190
 100
 571
 778
 857
 711
 163
 646
 146
 627
 308
 487
 259
 306
 162
 221
 689
 835
 668
 548
 706
 778
 671
 111
 685
 759
 236
 246
 342
 849
 991
 966
 908
 488
 201
 772
 422
 928
 243
 270
 777
 535
 481
 226
 947
 763
 427
 217
 355
 624
 199
 581
 900
 805
 527
 436
 544
 466
 726
 697
 302
 248
 499
 762
 465
 913
 779
 331
 759
 737
 680
 575
 405
 193
 465
 758
 120
 987
 922
 306
 282
 292
 402
 718
 978
 359
 698
 531
 998
 899
 737
 772
 368
 895
 279
 149
 481
 276
 171
 868
 577
 961
 765
 781
 217
 578
 143
 442
 996
 582
 643
 283
 318
 190
 522
 982
 519
 204
 380
 750
 603
 799
 625
 991
 699
 252
 870
 400
 995
 732
 345
 974
 208
 444
 498
 721
 559
 480
 792
 334
 829
 218
 561
 189
 847
 833
 642
 720
 744
 914
 806
 324
 980
 885
 597
 640
 604
 546
 270
 484
 529
 810
 359
 352
 613
 536
 648
 820
 553
 202
 405
 147
 862
 543
 306
 407
 653
 342
 249
 329
 876
 836
 510
 509
 415
 639
 851
 309
 539
 595
 947
 147
 131
 209
 355
 873
 668
 684
 446
 649
 442
 653
 164
 237
 805
 805
 631
 197
 214
 145
 747
 504
 112
 688
 548
 625
 312
 272
 738
 610
 627
 875
 146
 253
 230
 628
 808
 418
 680
 101
 710
 373
 411
 817
 467
 393
 815
 536
 181
 870
 448
 895
 799
 416
 432
 948
 848
 585
 425
 861
 834
 272
 457
 659
 959
 890
 528
 473
 214
 415
 505
 607
 792
 830
 943
 802
 831
 837
 610
 523
 991
 495
 775
 577
 330
 512
 502
 987
 784
 948
 310
 994
 325
 838
 490
 763
 120
 110
 944
 824
 898
 901
 241
 274
 519
 562
 353
 759
 309
