 37
 79
 26
 75
 39
 66
 69
 76
 61
 77
 45
 57
 44
 93
 10
 73
 25
 90
 21
 87
 72
 26
 88
 57
 40
 97
 99
 46
 21
 49
 55
 92
 35
 27
 29
 13
 55
 39
 67
 95
 67
 55
 17
 47
 62
 22
 85
 55
 36
 15
 98
 95
 59
 31
 96
 76
 42
 42
 56
 13
 98
 28
 28
 79
 97
 48
 13
 55
 11
 90
 27
 65
 11
 56
 50
 76
 68
 79
 74
 50
 32
 54
 78
 98
 96
 87
 58
 96
 48
 77
 54
 46
 78
 96
 39
 60
 24
 39
 65
 74
 67
 14
 80
 38
 93
 86
 85
 93
 96
 58
 59
 10
 12
 46
 22
 43
 52
 17
 71
 75
 71
 55
 75
 97
 99
 97
 45
 69
 56
 86
 92
 67
 44
 82
 50
 56
 50
 21
 33
 31
 93
 32
 56
 68
 69
 24
 84
 81
 10
 18
 62
 66
 53
 89
 34
 71
 34
 78
 82
 86
 49
 54
 39
 11
 65
 94
 64
 79
 54
 86
 74
 85
 63
 63
 52
 38
 47
 76
 78
 83
 12
 23
 45
 96
 55
 84
 76
 30
 54
 47
 85
 26
 10
 48
 25
 19
 64
 24
 68
 74
 69
 90
 59
 68
 27
 97
 24
 30
 29
 38
 52
 30
 12
 50
 39
 51
 43
 64
 91
 18
 30
 45
 23
 82
 69
 97
 84
 49
 31
 34
 53
 50
 79
 31
 95
 91
 27
 70
 99
 80
 66
 20
 26
 90
 97
 93
 61
 83
 40
 19
 36
 45
 76
 94
 60
 69
 41
 86
 83
 23
 60
 73
 50
 16
 93
 62
 86
 78
 19
 49
 13
 21
 76
 20
 63
 40
 50
 24
 30
 70
 49
 66
 85
 91
 22
 82
 60
 50
 27
 70
 97
 75
 86
 26
 30
 14
 72
 89
 30
 57
 11
 74
 21
 73
 11
 64
 84
 86
 47
 66
 28
 33
 22
 46
 49
 84
 28
 16
 71
 70
 67
 21
 28
 72
 73
 56
 59
 99
 41
 46
 27
 84
 52
 45
 61
 23
 51
 76
 83
 61
 53
 69
 19
 24
 32
 84
 51
 38
 98
 48
 91
 52
 99
 65
 47
 89
 40
 93
 40
 60
 42
 35
 70
 17
 81
 32
 59
 74
 80
 13
 52
 12
 97
 24
 24
 19
 28
 85
 30
 11
 38
 27
 32
 32
 60
 33
 28
 90
 76
 28
 30
 18
 68
 47
 88
 65
 20
 58
 29
 96
 56
 31
 13
 30
 44
 10
 26
 39
 85
 91
 29
 60
 62
 21
 64
 97
 58
 76
 51
 22
 21
 65
 59
 54
 97
 52
 33
 91
 15
 16
 53
 26
 78
 10
 21
 99
 28
 92
 15
 13
 57
 58
 76
 22
 65
 85
 95
 28
 83
 68
 16
 36
 34
 64
 84
 97
 77
 70
 13
 15
 53
 29
 23
 50
 24
 46
 47
 21
 38
 57
 31
 19
 51
 15
 91
 12
 15
 56
 37
 49
 41
 21
 68
 99
 99
 73
 45
 89
 72
 48
 37
 60
 11
 66
 10
 34
 52
 89
 11
 32
 41
 32
 33
 60
 56
 28
 88
 41
 93
 62
 47
 64
 93
 28
 31
 83
 33
 76
 10
 91
 75
 19
 23
 50
 25
 59
 80
 97
 79
 62
 72
 35
 45
 34
 43
 96
 88
 82
 13
 24
 78
 63
 81
 26
 32
 46
 40
 55
 44
 28
 37
 12
 54
 55
 23
 22
 12
 82
 75
 73
 70
 80
 86
 96
 95
 99
 30
 94
 11
 17
 49
 20
 21
 99
 56
 66
 55
 65
 28
 20
 45
 22
 80
 54
 26
 13
 16
 54
 33
 77
 62
 15
 71
 20
 37
 90
 97
 72
 87
 68
 31
 27
 77
 57
 89
 46
 27
 67
 83
 24
 88
 54
 75
 32
 39
 34
 23
 38
 91
 27
 96
 68
 21
 36
 73
 60
 76
 28
 83
 19
 85
 10
 91
 81
 44
 10
 38
 24
 72
 85
 31
 33
 19
 95
 12
 11
 56
 26
 12
 56
 34
 69
 49
 33
 68
 16
 41
 10
 97
 36
 71
 60
 42
 91
 74
 12
 48
 25
 21
 75
 26
 55
 22
 36
 16
 53
 54
 93
 94
 61
 61
 88
 79
 20
 18
 35
 41
 92
 21
 23
 76
 42
 56
 96
 48
 24
 69
 31
 56
 98
 11
 29
 50
 87
 80
 82
 37
 23
 11
 24
 27
 57
 39
 40
 59
 75
 49
 44
 46
 32
 64
 76
 64
 63
 99
 35
 25
 96
 61
 10
 26
 44
 52
 93
 99
 57
 10
 70
 33
 95
 69
 52
 27
 82
 23
 36
 67
 86
 65
 91
 21
 25
 85
 62
 46
 38
 13
 49
 19
 66
 28
 52
 25
 44
 17
 84
 44
 60
 76
 80
 34
 14
 66
 56
 21
 16
 47
 30
 32
 80
 69
 57
 88
 37
 82
 84
 37
 37
 85
 88
 88
 69
 57
 55
 93
 52
 92
 73
 35
 64
